frame_process_delay_measure = [
0
1971
1940
2039
1931
1913
2001
2240
1493
37
52
0
74
101
1040
198
62
137
93
158
102
20
327
130
136
24
102
86
0
110
370
125
41
137
161
113
163
156
319
209
124
23
31
91
250
150
60
187
162
126
4
148
111
862
140
75
27
92
205
103
156
147
27
1069
157
17
13
17
166
139
265
877
23
172
66
191
43
78
49
1057
196
80
173
454
47
114
73
8
101
42
45
51
65
2
557
2
120
143
113
91
29
100
434
78
60
181
142
36
138
41
39
48
194
97
14
125
160
106
209
532
36
18
95
148
128
219
101
156
109
68
211
75
187
64
0
176
7
167
56
117
81
51
0
68
14
100
129
88
172
11
104
22
190
74
183
103
2
113
0
17
82
5
171
134
183
164
40
102
69
11
112
15
81
191
143
47
176
32
167
65
37
171
49
130
83
34
99
174
89
28
205
106
204
83
13
194
48
199
130
51
75
56
75
92
195
87
40
13
149
31
171
174
91
113
94
84
30
122
9
73
144
27
1
242
92
125
92
40
131
182
140
42
89
36
138
162
125
100
107
58
146
41
158
244
117
28
74
19
112
264
83
150
147
46
92
23
38
58
187
32
13
121
30
102
196
88
310
162
89
143
61
207
108
23
97
22
151
10
138
21
83
185
47
57
204
12
160
145
49
74
85
73
32
77
51
138
16
157
19
51
16
106
124
101
181
109
18
20
11
112
210
70
182
6
11
259
281
180
10
119
213
90
4
161
193
112
102
9
3
75
100
6
74
54
176
32
13
43
168
16
69
188
136
111
140
113
156
63
102
27
65
147
24
74
38
144
68
8
29
188
166
132
142
109
191
122
27
88
114
209
89
20
122
187
90
43
84
140
67
233
144
111
153
106
204
1
194
78
134
43
182
153
136
38
106
116
118
26
152
0
140
113
130
75
172
68
25
68
49
133
151
154
73
133
59
179
155
71
123
93
185
101
196
36
271
143
135
159
129
80
165
101
239
129
4
31
22
130
23
177
12
54
41
106
38
46
154
40
190
70
86
122
176
82
131
58
254
242
202
116
94
75
35
121
27
166
33
197
146
129
112
209
23
16
82
173
130
32
55
224
94
203
106
153
273
152
27
180
11
179
74
78
66
184
174
53
159
57
111
269
155
34
92
172
173
35
169
255
168
113
124
75
153
264
63
165
60
133
33
188
77
18
104
122
36
86
12
93
159
188
139
17
123
207
184
263
163
70
122
125
227
86
190
259
0
112
133
198
97
44
102
33
46
205
9
51
9
97
145
57
205
162
23
46
108
66
184
51
83
160
139
167
162
177
208
270
69
65
106
170
168
137
80
145
122
139
86
86
75
89
66
171
62
31
157
22
201
48
17
115
3
156
33
37
119
8
193
131
162
112
196
24
56
194
68
175
114
269
134
79
125
88
24
91
33
120
41
163
57
160
280
149
140
18
141
41
60
209
11
176
64
124
74
183
104
33
215
146
23
109
195
75
128
138
97
199
60
5
96
196
143
100
120
51
99
28
44
12
105
180
158
42
142
102
46
44
21
139
7
143
46
89
127
233
84
28
106
107
19
116
92
179
133
91
239
46
109
59
35
32
21
280
40
155
1
76
169
183
57
88
240
98
96
195
35
248
98
193
223
27
129
152
16
137
109
24
111
51
143
31
180
99
120
0
57
203
120
13
101
187
59
40
36
44
62
153
1
174
51
106
40
170
74
55
102
75
199
38
176
92
102
151
10
183
64
120
52
120
16
144
277
10
132
186
42
158
155
58
182
288
177
61
101
42
169
77
101
195
66
166
262
206
125
10
147
38
130
64
158
14
125
153
3
105
204
12
71
207
63
186
100
82
88
99
154
161
102
30
47
33
165
213
81
181
4
356
171
215
201
370
133
12
129
111
8
15
183
160
122
241
4
157
159
165
61
162
104
204
74
187
139
84
2
114
29
116
11
114
124
130
108
136
176
170
89
60
77
190
116
242
24
105
136
119
198
97
69
203
71
190
26
175
13
193
87
168
48
134
143
100
78
21
206
92
98
59
22
102
127
1
148
132
158
130
215
129
37
53
20
42
3
131
14
115
206
134
153
211
130
58
34
154
33
99
51
142
91
30
31
13
1
78
98
51
170
121
38
146
113
197
106
206
270
10
115
164
11
71
109
196
30
172
122
104
100
237
207
108
30
268
48
154
1
234
98
5
25
116
39
27
133
23
113
223
103
81
107
61
65
172
96
183
68
77
79
73
0
65
46
166
42
190
27
32
94
191
17
174
134
25
31
224
99
60
71
17
107
138
142
99
13
189
37
22
125
6
53
142
96
115
179
89
111
122
29
187
2
179
90
151
139
114
97
18
33
207
98
122
116
175
150
49
54
72
153
164
150
244
39
189
30
40
20
26
9
215
8
159
141
79
133
12
151
110
42
177
23
166
145
81
236
158
121
2
105
193
33
144
91
77
272
53
155
15
8
49
23
123
71
169
159
148
98
36
121
112
108
220
122
69
183
65
177
274
82
148
24
77
134
83
14
109
31
195
52
6
60
39
124
2
17
9
131
246
121
133
58
157
262
149
199
283
155
32
88
12
199
83
370
70
0
103
109
63
161
180
176
83
157
70
210
115
161
131
20
108
56
64
31
138
185
193
3
80
9
82
98
112
64
181
38
168
144
11
122
213
143
15
21
198
134
153
121
4
104
153
2
106
92
117
77
68
88
0
166
159
203
219
13
52
122
208
202
146
187
94
142
17
102
6
128
210
41
194
176
90
50
126
143
141
45
108
16
110
193
122
247
138
22
114
15
23
197
90
34
192
52
43
10
142
97
179
61
139
9
58
115
130
282
61
155
49
111
0
158
82
118
74
164
184
180
270
104
13
42
35
47
113
205
11
1
127
133
120
236
111
15
153
226
26
138
222
120
202
77
75
191
93
195
98
150
69
82
31
75
39
90
134
18
53
127
202
33
155
97
121
75
186
41
101
82
161
23
197
117
63
66
68
119
9
199
157
45
202
204
193
348
118
25
30
92
81
20
155
116
1
20
161
170
52
152
90
270
189
69
69
42
161
168
91
108
61
151
58
17
109
175
17
94
73
171
17
182
63
110
67
95
69
120
93
10
13
186
71
74
89
40
145
250
138
30
105
32
175
58
157
88
192
15
125
188
159
137
47
214
197
51
171
115
166
80
119
105
148
97
115
66
150
100
11
79
5
98
204
94
178
26
184
83
127
74
163
32
155
161
42
152
154
52
218
105
80
111
103
202
88
32
175
273
116
216
88
406
32
258
328
15
113
42
60
51
192
246
94
94
130
16
158
16
186
65
69
83
167
34
169
252
87
154
111
211
82
16
77
40
65
153
79
108
57
154
3
27
81
18
164
263
127
51
124
170
21
82
245
131
81
136
131
209
106
169
79
252
136
25
38
216
24
26
140
255
101
24
86
190
63
133
90
188
63
182
275
32
158
3
120
24
115
35
118
151
85
153
259
122
94
181
83
74
18
138
86
191
39
212
140
141
0
25
48
15
6
184
42
185
57
123
43
112
22
113
112
51
86
59
166
22
161
218
134
62
93
98
79
189
143
161
147
189
46
28
172
146
97
32
148
54
87
74
176
185
119
113
54
125
47
220
257
177
120
24
4
183
144
84
4
44
114
137
87
27
83
102
39
113
55
170
78
176
9
151
91
95
9
168
97
115
57
19
30
200
61
203
95
158
90
190
38
167
59
148
79
5
92
91
79
134
60
27
112
15
102
69
69
88
221
97
82
114
78
51
159
50
169
146
26
37
171
80
129
79
219
152
1
4
98
51
71
48
185
77
1
24
110
136
110
101
177
189
232
101
150
236
60
180
296
143
125
70
127
179
12
106
98
101
191
5
197
5
141
57
112
113
2
77
202
170
98
38
155
290
146
118
93
193
27
185
30
200
134
154
137
258
140
26
87
3
126
2
189
66
44
143
3
120
97
11
92
197
87
170
129
218
63
41
201
148
58
149
56
168
104
220
54
5
81
41
11
120
54
183
111
70
160
17
102
